9	21	0.3848458559108512
9	15	0.6577178520743316
8	9	0.45841276453870067
15	21	0.3452192414917928
8	21	0.2668714840909083
8	15	0.5685465699191107
13	23	0.30092287582612104
11	21	0.15426486031942935
11	23	0.26111279102359614
11	20	0.46676347090196824
6	11	0.2758090897296049
21	23	0.30868722985918234
20	21	0.3848458559108512
6	21	0.4067756996963552
20	23	0.5160328363686674
6	23	0.18033189914342312
6	20	0.665397566145681
3	10	0.31348662182620274
10	16	0.271570463934712
3	16	0.38464713374842413
3	17	0.4675373868814639
0	17	0.49187725699848445
0	3	0.20120705944504652
2	3	0.2966842500312282
2	16	0.38017610466423785
16	17	0.41091289473484494
1	13	0.6269810620037246
1	6	0.5063900853210267
1	7	0.6269810620037246
6	13	0.43602668083136115
7	13	0.5566176575140591
6	7	0.587606930290666
25	29	0.5226140470690915
27	29	0.3832716162689586
24	29	0.56224066148815
29	33	0.42713685648290983
25	27	0.4787488068551403
24	25	0.6577178520743316
25	33	0.5226140470690915
24	27	0.5183754212741988
27	33	0.5292832882405658
24	33	0.56224066148815
33	35	0.56224066148815
33	34	0.3764962991545506
28	33	0.6180912376552733
34	35	0.38017610466423785
28	35	0.7531950426605134
28	34	0.587606930290666
26	33	0.49187725699848445
33	36	0.5226140470690915
30	33	0.6180912376552733
26	36	0.5873544475846662
26	30	0.6828316381708479
30	36	0.7135684282414548
43	44	0.5460166997400852
2	40	0.5566176575140591
38	42	0.7209269255717663
39	42	0.5754176961649834
3	42	0.43355616523540474
41	42	0.44801201678453323
38	39	0.425001240535396
3	38	0.43355616523540474
38	41	0.44801201678453323
3	39	0.1650678330525652
39	41	0.3163955998058702
3	41	0.18807860930170245
57	62	0.6577178520743316
66	77	0.6123559841280667
69	77	0.5345653482730516
66	69	0.7987175614267814
47	56	0.5641322280765527
40	55	0.587606930290666
21	40	0.45323306138962305
21	55	0.31991306610852266
21	77	0.2668714840909083
45	77	0.5685465699191107
21	45	0.4872142830356822
78	79	0.8765081972817964
73	79	0.8765081972817964
39	79	0.6532083320199984
31	79	0.6123559841280667
69	79	0.7987175614267814
73	78	0.8765081972817964
39	78	0.6532083320199984
31	78	0.6123559841280667
69	78	0.7987175614267814
39	73	0.6532083320199984
31	73	0.6123559841280667
69	73	0.7987175614267814
31	39	0.3890561188662687
39	69	0.5754176961649834
31	69	0.5345653482730516
31	53	0.6059622555794588
31	76	0.5685465699191107
53	76	0.7271434675047829
51	52	0.8765081972817964
51	80	0.7709528817137387
52	80	0.7709528817137387
18	46	0.7549081472178255
46	58	0.6931622458587237
18	58	0.9382540986408983
31	64	0.5068006685600089
77	81	0.6123559841280667
47	81	0.6931622458587237
47	77	0.4290100327049939
46	70	0.5098162944356509
46	59	0.6493528316497679
59	70	0.6493528316497679
71	75	0.587606930290666
22	71	0.587606930290666
40	71	0.5098162944356509
22	75	0.8765081972817964
40	75	0.7987175614267814
22	40	0.7987175614267814
46	71	0.4042609788675932
23	46	0.3326868849455947
3	46	0.32800084966734705
46	55	0.48205161472260827
23	71	0.6255375887782724
3	71	0.3028938918253113
55	71	0.3764962991545506
3	23	0.4221912908919077
23	55	0.30492220523255203
3	55	0.30023616995430447
50	61	0.7474781794996256
50	55	0.5363675483635101
50	83	0.7036687652906696
41	50	0.651597368431534
55	61	0.665397566145681
61	83	0.8326987830728405
41	61	0.6786480180175795
55	83	0.6215881519367251
41	55	0.46753738688146396
41	83	0.6348386038086234
14	91	0.5226140470690915
90	93	0.5102704678206804
90	91	0.44553006730510575
90	94	0.44553006730510575
70	90	0.5641322280765527
86	90	0.48515668172416415
3	90	0.2503370603378496
72	90	0.5981134497226119
6	90	0.3896794911379825
89	90	0.4293061055570409
85	90	0.4639232781273017
91	93	0.49187725699848445
93	94	0.7578956852295416
70	93	0.6153716100037087
86	93	0.5315038714175429
3	93	0.2966842500312282
72	93	0.6493528316497679
6	93	0.43602668083136115
89	93	0.6314163444996218
85	93	0.7795686115981004
91	94	0.42713685648290983
70	91	0.39640006641230274
86	91	0.46676347090196824
3	91	0.2319438495156536
72	91	0.42713685648290983
6	91	0.5160328363686674
89	91	0.41091289473484494
85	91	0.44553006730510575
70	94	0.39640006641230274
86	94	0.46676347090196824
3	94	0.36198207131340626
72	94	0.42713685648290983
6	94	0.5160328363686674
89	94	0.41091289473484494
85	94	0.5981134497226119
70	86	0.43602668083136115
3	70	0.20120705944504652
70	72	0.6453938419432089
6	70	0.34054949024517944
70	89	0.5258610289315642
70	85	0.41479327723449866
3	86	0.27157046393471207
72	86	0.6215881519367251
6	86	0.410912894734845
86	89	0.4505395091539034
85	86	0.48515668172416415
3	72	0.2319438495156536
3	6	0.17609327334853037
3	89	0.2157198877675888
3	85	0.38231678330824886
6	72	0.5160328363686674
72	89	0.5598422505776233
72	85	0.44553006730510575
6	89	0.3550623185677217
6	85	0.3896794911379825
85	89	0.4293061055570409
92	93	0.49187725699848445
70	92	0.39640006641230274
72	92	0.42713685648290983
89	92	0.41091289473484494
88	94	0.56224066148815
8	94	0.32330895953346045
94	99	0.5226140470690915
10	99	0.4787488068551403
98	99	0.6577178520743316
20	99	0.6577178520743316
97	99	0.6577178520743316
6	99	0.46676347090196824
99	100	0.6180912376552733
7	99	0.5873544475846662
10	94	0.6299244420629753
94	98	0.56224066148815
20	94	0.56224066148815
94	97	0.56224066148815
94	100	0.683334053295827
7	94	0.49187725699848445
10	98	0.5183754212741988
10	20	0.5183754212741988
10	97	0.5183754212741988
6	10	0.32742104010183537
10	100	0.6348386038086234
7	10	0.44801201678453323
20	98	0.6973444664933901
97	98	0.6973444664933901
6	98	0.5063900853210267
98	100	0.6577178520743316
7	98	0.6269810620037246
20	97	0.6973444664933901
20	100	0.6577178520743316
7	20	0.6269810620037246
6	97	0.5063900853210267
97	100	0.6577178520743316
7	97	0.6269810620037246
6	100	0.46676347090196824
7	100	0.5873544475846662
93	95	0.49187725699848445
94	95	0.42713685648290983
10	95	0.3832716162689586
5	95	0.44553006730510575
10	93	0.44801201678453323
5	93	0.5102704678206804
5	94	0.44553006730510575
5	10	0.4016648270911546
43	103	0.6973444664933901
105	106	0.4980963492185215
63	102	0.3350851097902914
63	101	0.4639232781273017
89	101	0.580176962572466
101	104	0.7474781794996256
63	89	0.4293061055570409
63	104	0.7474781794996256
89	104	0.5460166997400852
3	73	0.3670476545208938
3	33	0.2319438495156536
33	107	0.56224066148815
3	107	0.3670476545208938
102	109	0.3243255284971146
102	108	0.3243255284971146
102	110	0.5604676064760032
108	109	0.6973444664933901
109	110	0.6973444664933901
108	110	0.6973444664933901
95	117	0.5437975160817101
95	116	0.6215881519367251
95	115	0.46676347090196824
95	112	0.56224066148815
0	95	0.5437975160817101
116	117	0.6920863256450288
115	117	0.43602668083136115
112	117	0.5315038714175429
0	117	0.5098162944356509
115	116	0.5063900853210267
112	116	0.6018672759072083
0	116	0.587606930290666
112	115	0.6018672759072083
0	115	0.43602668083136115
0	112	0.6931622458587237
95	111	0.42713685648290983
111	114	0.5226140470690915
111	117	0.39640006641230274
111	113	0.6180912376552733
111	116	0.46676347090196824
77	111	0.46299125435105304
102	111	0.40127327948785063
0	111	0.39640006641230274
95	114	0.683334053295827
95	113	0.6180912376552733
77	95	0.32330895953346045
95	102	0.40127327948785063
114	117	0.49187725699848445
113	114	0.7135684282414548
114	116	0.7271434675047829
77	114	0.4187861501196422
102	114	0.4203057133635064
0	114	0.49187725699848445
113	117	0.5873544475846662
77	117	0.5976505395775834
102	117	0.4884643352580037
113	116	0.6577178520743316
77	113	0.5142633407058239
102	113	0.38017610466423785
0	113	0.5873544475846662
77	116	0.5068006685600089
102	116	0.3585598120044046
77	102	0.3945541749485417
0	77	0.2925721694628534
0	102	0.28076917614938957
3	121	0.32742104010183537
70	102	0.28076917614938957
102	124	0.22884833791093287
70	124	0.43602668083136115
34	51	0.38017610466423785
51	117	0.5315038714175429
51	77	0.45841276453870067
51	102	0.3243255284971146
51	119	0.6018672759072083
34	117	0.3425150775084914
34	77	0.41060575096283325
34	102	0.294032817636679
34	119	0.4203057133635064
117	119	0.43602668083136115
77	119	0.36293557395251896
102	119	0.22884833791093287
34	70	0.21433550958839068
31	34	0.14124440270954844
34	53	0.2846989140780562
34	80	0.2846989140780562
70	77	0.4290100327049939
31	70	0.2925721694628534
53	70	0.43602668083136115
70	80	0.43602668083136115
31	77	0.2194810625840112
53	77	0.36293557395251896
77	80	0.36293557395251896
31	102	0.2789317053417948
31	80	0.36293557395251896
53	102	0.22884833791093287
53	80	0.665397566145681
80	102	0.22884833791093287
44	102	0.1729977617438096
102	120	0.3243255284971146
44	120	0.5460166997400852
23	127	0.1323545783610971
42	127	0.3880493600490351
38	127	0.3880493600490351
23	130	0.21995851356248156
125	130	0.4641151275724623
3	130	0.3440455841632603
129	130	0.4293061055570409
126	130	0.47565329525041955
23	125	0.35458079578603063
23	129	0.38700281858649643
23	126	0.30092287582612104
3	125	0.2662549483082453
125	129	0.601257408727255
125	126	0.40528989076075406
3	129	0.4732861655606885
3	126	0.43355616523540474
126	129	0.6696875436446104
71	133	0.7546547410013061
6	71	0.24507229965899774
6	133	0.43602668083136115
34	132	0.4480703930765491
111	132	0.49187725699848445
71	132	0.3656632763416956
131	132	0.5566176575140591
77	132	0.3880493600490351
102	132	0.25396212400744905
34	111	0.2450722996589977
34	71	0.11885831900220897
34	131	0.30981270017457235
71	111	0.30092287582612104
111	131	0.49187725699848445
71	131	0.5098162944356509
71	77	0.1970949788766717
71	102	0.17521386058133187
77	131	0.3880493600490351
102	131	0.38632449171744726
16	71	0.3147503977954488
23	131	0.30092287582612104
16	23	0.24317630387345018
16	131	0.38017610466423785
10	71	0.2570576356121698
71	134	0.1970949788766717
71	135	0.39640006641230274
0	71	0.27018608575551395
10	23	0.1923172350965952
10	134	0.2794437193195093
10	135	0.4787488068551403
0	10	0.3525348261983515
23	134	0.1323545783610971
23	135	0.4722234221597115
0	23	0.2054456852399393
134	135	0.4187861501196422
0	134	0.2925721694628534
0	135	0.49187725699848445
108	129	0.5806338723103459
108	125	0.47565329525041955
135	139	0.5063900853210266
138	139	0.5460166997400852
137	139	0.6624944701410018
135	138	0.6577178520743316
135	137	0.5226140470690915
137	138	0.56224066148815
56	129	0.4639232781273017
127	129	0.4833259663458957
56	127	0.3417021703556565
102	142	0.29681391064530277
34	106	0.18922172349187447
106	144	0.46676347090196824
106	143	0.5063900853210267
106	142	0.3550623185677217
102	106	0.13337114732475117
34	144	0.5795844823586961
34	143	0.38017610466423785
34	142	0.22884833791093287
143	144	0.6577178520743316
142	144	0.5063900853210266
102	144	0.28469891407805614
142	143	0.5460166997400852
102	143	0.3243255284971146
70	106	0.34054949024517944
147	149	0.6577178520743316
102	148	0.20761493431407038
102	146	0.28469891407805614
146	148	0.5410072578912875
145	148	0.5806338723103459
118	145	0.5806338723103459
134	145	0.45841276453870067
118	148	0.4639232781273017
134	148	0.3417021703556565
118	134	0.3417021703556565
139	154	0.41091289473484494
71	152	0.3656632763416956
47	71	0.27018608575551395
71	154	0.6079722151035796
47	152	0.4611404669278773
152	154	0.49187725699848445
47	154	0.39640006641230274
71	122	0.458576912508495
122	154	0.44553006730510575
23	122	0.25457568613274234
23	154	0.36666810659165383
66	71	0.43602668083136115
66	154	0.56224066148815
23	66	0.37128628031578653
34	150	0.38017610466423785
147	150	0.6577178520743316
34	147	0.34054949024517944
101	153	0.3896794911379825
101	155	0.5410072578912875
68	101	0.4016648270911546
101	131	0.5102704678206804
101	102	0.42294620585640935
153	155	0.46676347090196824
68	153	0.32742104010183537
131	153	0.43602668083136115
102	153	0.13337114732475117
68	155	0.4787488068551403
131	155	0.5873544475846662
102	155	0.28469891407805614
68	131	0.44801201678453323
68	102	0.14535648327792325
50	151	0.5102704678206804
50	156	0.5410072578912875
151	156	0.5873544475846662
47	124	0.43602668083136115
5	62	0.5410072578912875
62	121	0.6180912376552733
62	158	0.6180912376552733
5	121	0.5410072578912875
5	158	0.5410072578912875
121	158	0.6180912376552733
94	143	0.56224066148815
10	143	0.5183754212741988
3	143	0.3670476545208938
100	143	0.6577178520743316
3	100	0.32742104010183537
0	5	0.5641322280765527
5	148	0.4639232781273017
0	148	0.41479327723449866
160	164	0.56224066148815
160	162	0.48515668172416415
162	164	0.8157861156785862
159	163	0.7987175614267814
145	159	0.6269810620037246
159	165	0.5315038714175429
41	159	0.44801201678453323
145	163	0.6973444664933901
163	165	0.6018672759072083
41	163	0.5183754212741988
145	165	0.6018672759072083
41	145	0.5183754212741988
41	165	0.4228982306880171
105	161	0.47565329525041955
161	162	0.5102704678206804
53	161	0.5315038714175429
161	165	0.5315038714175429
80	161	0.5315038714175429
105	162	0.4293061055570409
53	105	0.4505395091539034
105	165	0.4505395091539034
80	105	0.4505395091539034
53	162	0.48515668172416415
162	165	0.48515668172416415
80	162	0.48515668172416415
53	165	0.665397566145681
80	165	0.5063900853210267
37	111	0.5437975160817101
37	166	0.5315038714175429
29	31	0.46299125435105304
31	167	0.45841276453870067
29	167	0.56224066148815
102	168	0.28469891407805614
35	70	0.5315038714175429
95	170	0.41091289473484494
95	169	0.46676347090196824
102	170	0.3821564036051577
169	170	0.6036516647865792
102	169	0.3585598120044046
102	154	0.31475039779544867
64	102	0.22884833791093287
154	170	0.41091289473484494
64	170	0.4505395091539034
64	154	0.46676347090196824
10	117	0.3525348261983515
59	170	0.5063900853210266
59	125	0.43602668083136115
59	169	0.56224066148815
59	122	0.5410072578912875
59	102	0.28469891407805614
59	112	0.6577178520743316
0	59	0.49187725699848445
125	170	0.3243255284971146
122	170	0.4293061055570409
112	170	0.5460166997400852
0	170	0.38017610466423785
125	169	0.38017610466423785
122	125	0.3589427010673754
102	125	0.21902327479028771
112	125	0.47565329525041955
0	125	0.30981270017457235
122	169	0.48515668172416415
112	169	0.6018672759072083
0	169	0.43602668083136115
102	122	0.20761493431407038
112	122	0.5806338723103459
0	122	0.41479327723449866
102	112	0.3243255284971146
16	173	0.271570463934712
16	56	0.3338289149708592
16	133	0.38017610466423785
16	122	0.3338289149708592
71	173	0.2570576356121698
56	71	0.31931608664831695
56	173	0.4016648270911546
133	173	0.44801201678453323
122	173	0.4016648270911546
56	133	0.5102704678206804
56	122	0.4639232781273017
122	133	0.5102704678206804
71	171	0.5437975160817101
71	97	0.43602668083136115
23	133	0.4382422005136524
23	171	0.33165966589672813
23	97	0.37128628031578653
133	171	0.5873544475846662
97	133	0.6269810620037246
97	171	0.6577178520743316
102	130	0.1729977617438096
90	102	0.20761493431407038
90	130	0.4293061055570409
130	154	0.41091289473484494
90	154	0.44553006730510575
138	175	0.6577178520743316
125	175	0.43602668083136115
125	138	0.47565329525041955
101	176	0.5410072578912875
87	101	0.48515668172416415
37	101	0.41479327723449866
87	176	0.7271434675047829
102	176	0.28469891407805614
37	176	0.49187725699848445
87	102	0.22884833791093287
37	87	0.43602668083136115
37	102	0.15848493342126738
58	176	0.6577178520743316
58	87	0.6018672759072083
58	131	0.6269810620037246
131	176	0.5873544475846662
87	131	0.5315038714175429
6	165	0.410912894734845
6	26	0.43602668083136115
6	39	0.3044102638526981
26	165	0.5315038714175429
39	165	0.3998874544388798
26	39	0.425001240535396
30	48	0.6828316381708479
48	165	0.6931622458587237
30	165	0.6577178520743316
45	173	0.4787488068551403
45	161	0.5873544475846662
45	48	0.5873544475846662
26	45	0.5873544475846662
161	173	0.44801201678453323
48	173	0.44801201678453323
26	173	0.44801201678453323
48	161	0.7209269255717663
26	161	0.5566176575140591
26	48	0.5566176575140591
34	90	0.2634655104811937
23	34	0.3029153041012997
34	165	0.2846989140780562
23	90	0.25457568613274234
33	90	0.44553006730510575
90	165	0.48515668172416415
23	33	0.2361824753105464
23	165	0.2758090897296049
33	165	0.46676347090196824
41	124	0.4228982306880171
29	124	0.46676347090196824
29	41	0.3832716162689586
173	178	0.3832716162689586
173	180	0.6786480180175795
39	173	0.3163955998058702
178	180	0.7271434675047829
39	178	0.36026084001982134
39	180	0.49536464502506145
10	167	0.5183754212741988
56	167	0.5806338723103459
61	167	0.6973444664933901
89	167	0.5460166997400852
10	56	0.4016648270911546
10	61	0.5183754212741988
10	89	0.3670476545208938
56	61	0.5806338723103459
56	89	0.580176962572466
61	89	0.5460166997400852
23	142	0.21995851356248156
125	142	0.3243255284971146
125	135	0.43602668083136115
3	142	0.2157198877675888
3	135	0.4675373868814639
129	142	0.4293061055570409
135	142	0.5063900853210266
129	135	0.7036687652906696
47	68	0.3525348261983515
15	47	0.49187725699848445
47	161	0.4611404669278773
47	134	0.2925721694628534
1	47	0.5315038714175429
15	68	0.4787488068551403
68	161	0.44801201678453323
68	134	0.5075828679169194
1	68	0.5183754212741988
15	161	0.5873544475846662
15	134	0.4187861501196422
1	15	0.6577178520743316
134	161	0.3880493600490351
1	161	0.6269810620037246
1	134	0.6123559841280667
46	173	0.3525348261983515
46	192	0.5315038714175429
46	134	0.2925721694628534
173	192	0.5183754212741988
134	173	0.5075828679169194
134	192	0.45841276453870067
95	156	0.5226140470690915
95	152	0.49187725699848445
68	95	0.5292832882405658
68	152	0.6008573821625643
95	134	0.32330895953346045
95	185	0.42713685648290983
134	185	0.46299125435105304
68	185	0.5292832882405658
188	193	0.6973444664933901
182	193	0.6269810620037246
182	188	0.6269810620037246
134	186	0.25643294307037207
182	186	0.5754176961649834
134	182	0.3880493600490351
134	184	0.5068006685600089
68	184	0.4228982306880171
97	153	0.5063900853210267
47	182	0.4611404669278773
47	183	0.49187725699848445
47	162	0.41479327723449866
47	195	0.5315038714175429
47	119	0.43602668083136115
182	183	0.5873544475846662
162	182	0.5102704678206804
182	195	0.6269810620037246
119	182	0.5315038714175429
162	183	0.5410072578912875
183	195	0.6577178520743316
119	183	0.56224066148815
162	195	0.5806338723103459
119	162	0.48515668172416415
119	195	0.6018672759072083
48	189	0.5102704678206804
48	187	0.5873544475846662
161	189	0.5102704678206804
161	187	0.5873544475846662
187	189	0.5410072578912875
19	34	0.38017610466423785
19	187	0.6577178520743316
19	21	0.3848458559108512
19	68	0.5183754212741988
19	185	0.56224066148815
19	119	0.6018672759072083
34	187	0.34054949024517944
21	34	0.2580563523295368
34	68	0.20120705944504652
34	185	0.2450722996589977
21	187	0.3452192414917928
68	187	0.4787488068551403
185	187	0.5226140470690915
119	187	0.8408056730118473
21	68	0.20587681069165986
21	185	0.24974205090561108
21	119	0.2893686653246695
68	119	0.4228982306880171
119	185	0.46676347090196824
46	137	0.39640006641230274
46	194	0.5315038714175429
46	168	0.49187725699848445
137	194	0.56224066148815
137	168	0.5226140470690915
168	194	0.6577178520743316
21	83	0.3452192414917928
119	164	0.56224066148815
164	189	0.5410072578912875
119	189	0.48515668172416415
16	186	0.3803517995247812
16	177	0.38017610466423785
8	16	0.21160780719921393
177	186	0.425001240535396
8	186	0.25643294307037207
8	177	0.5345653482730516
11	106	0.4104775208006097
72	106	0.5160328363686674
16	106	0.3925410336504638
11	72	0.4722234221597115
11	16	0.4374907835683363
16	72	0.4542869350095656
11	186	0.26478364943363963
153	186	0.3044102638526981
115	186	0.3998874544388798
186	189	0.3786540508420173
106	186	0.3044102638526981
72	186	0.36026084001982134
37	186	0.32952404994921425
11	153	0.2758090897296049
11	115	0.37128628031578653
11	189	0.35005287671892404
11	37	0.30092287582612104
16	153	0.25958512798154
115	153	0.5598422505776234
153	189	0.5363675483635101
106	153	0.3154357041486633
72	153	0.37128628031578653
37	153	0.34054949024517944
16	115	0.3550623185677217
16	189	0.3338289149708592
16	37	0.2846989140780562
115	189	0.48515668172416415
106	115	0.410912894734845
72	115	0.46676347090196824
37	115	0.43602668083136115
106	189	0.3896794911379825
72	189	0.44553006730510575
37	189	0.41479327723449866
37	106	0.34054949024517944
37	72	0.39640006641230274
111	196	0.7271434675047829
153	196	0.665397566145681
115	196	0.6018672759072083
67	196	0.6973444664933901
111	153	0.37128628031578653
111	115	0.46676347090196824
67	111	0.56224066148815
67	153	0.5063900853210267
67	115	0.6018672759072083
21	31	0.2668714840909083
157	200	0.8944446844319422
99	157	0.8944446844319422
157	207	0.9382540986408983
27	157	0.7403939193766811
157	162	0.8092240808587272
99	200	0.7888893688638846
200	207	0.8326987830728405
27	200	0.6348386038086234
162	200	0.7036687652906696
99	207	0.8326987830728405
27	99	0.6348386038086234
99	162	0.7036687652906696
27	207	0.6786480180175795
162	207	0.7474781794996256
27	162	0.5496180002354084
184	193	0.7709528817137387
87	193	0.7709528817137387
193	195	0.8765081972817964
193	197	0.7987175614267814
87	184	0.665397566145681
184	195	0.7709528817137387
184	197	0.6931622458587237
87	195	0.7709528817137387
87	197	0.6931622458587237
195	197	0.7987175614267814
191	204	0.7987175614267814
34	191	0.4480703930765491
156	191	0.7549081472178255
34	204	0.5258610289315642
156	204	0.8326987830728405
34	156	0.48205161472260827
5	198	0.862478599380406
123	198	0.7474781794996256
5	123	0.6184481617174545
119	202	0.665397566145681
9	119	0.7709528817137387
119	205	0.7709528817137387
119	123	0.6419228639315678
187	202	0.7271434675047829
9	187	0.8326987830728405
187	205	0.8326987830728405
123	187	0.7036687652906696
9	202	0.7709528817137387
202	205	0.7709528817137387
123	202	0.6419228639315678
9	205	0.8765081972817964
9	123	0.7474781794996256
123	205	0.7474781794996256
191	206	0.7987175614267814
191	201	0.7549081472178255
191	203	0.7209269255717663
31	191	0.5345653482730516
24	191	0.7987175614267814
179	191	0.7549081472178255
201	206	0.8326987830728405
203	206	0.7987175614267814
31	206	0.6123559841280667
24	206	0.8765081972817964
179	206	0.8326987830728405
201	203	0.7549081472178255
31	201	0.5685465699191107
24	201	0.8326987830728405
179	201	0.7888893688638846
31	203	0.5345653482730516
24	203	0.7987175614267814
179	203	0.7549081472178255
24	31	0.6123559841280667
31	179	0.5685465699191107
24	179	0.8326987830728405
62	77	0.4187861501196422
102	175	0.28469891407805614
117	175	0.49187725699848445
98	118	0.5806338723103459
155	209	0.7549081472178255
117	208	0.49187725699848445
116	208	0.56224066148815
77	208	0.4187861501196422
102	208	0.28469891407805614
102	104	0.4641151275724623
43	56	0.5806338723103459
118	139	0.4293061055570409
116	125	0.38017610466423785
16	127	0.21160780719921393
11	127	0.3574359387829953
34	120	0.38017610466423785
19	110	0.6973444664933901
19	98	0.6973444664933901
19	102	0.4641151275724623
19	211	0.6269810620037246
98	110	0.6973444664933901
110	211	0.6269810620037246
98	102	0.3243255284971146
98	211	0.6269810620037246
102	211	0.25396212400744905
3	34	0.1606996327401876
34	154	0.2450722996589977
3	154	0.2319438495156536
68	114	0.4787488068551403
114	213	0.5063900853210266
53	114	0.56224066148815
114	212	0.5226140470690915
68	116	0.4228982306880171
68	213	0.3670476545208938
53	68	0.4228982306880171
68	212	0.3832716162689586
116	213	0.4505395091539034
53	116	0.5063900853210267
116	212	0.46676347090196824
53	213	0.4505395091539034
212	213	0.5598422505776233
53	212	0.46676347090196824
34	57	0.38017610466423785
34	109	0.38017610466423785
34	116	0.2846989140780562
57	109	0.6973444664933901
57	116	0.6018672759072083
23	57	0.37128628031578653
109	116	0.6018672759072083
23	109	0.37128628031578653
23	116	0.2758090897296049
139	178	0.41091289473484494
125	139	0.4641151275724623
130	139	0.3946889329867801
125	178	0.34054949024517944
130	178	0.41091289473484494
137	178	0.42713685648290983
125	137	0.34054949024517944
130	137	0.5598422505776233
198	218	0.6973444664933901
198	217	0.6577178520743316
198	216	0.6018672759072083
178	198	0.56224066148815
198	214	0.6269810620037246
198	211	0.6269810620037246
0	198	0.5315038714175429
217	218	0.6577178520743316
216	218	0.6018672759072083
5	218	0.5806338723103459
178	218	0.56224066148815
214	218	0.6269810620037246
211	218	0.6269810620037246
0	218	0.5315038714175429
216	217	0.7271434675047829
5	217	0.5410072578912875
178	217	0.7941131893100273
214	217	0.7549081472178255
211	217	0.5873544475846662
0	217	0.6493528316497679
5	216	0.48515668172416415
178	216	0.46676347090196824
214	216	0.6931622458587237
211	216	0.6931622458587237
0	216	0.587606930290666
5	178	0.44553006730510575
5	214	0.5102704678206804
5	211	0.5102704678206804
178	214	0.6493528316497679
178	211	0.6493528316497679
0	178	0.5437975160817101
211	214	0.7209269255717663
0	214	0.7216781811490559
0	211	0.6153716100037087
215	216	0.6018672759072083
214	215	0.7987175614267814
211	215	0.6269810620037246
0	215	0.6931622458587237
114	186	0.45573803060600304
186	219	0.49536464502506145
114	219	0.6577178520743316
173	206	0.5183754212741988
1	173	0.5183754212741988
134	206	0.45841276453870067
1	206	0.6973444664933901
21	134	0.14591415395616175
38	221	0.5873544475846662
21	220	0.26813526172780705
48	220	0.5102704678206804
48	53	0.5315038714175429
165	220	0.48515668172416415
53	220	0.48515668172416415
36	45	0.6180912376552733
11	45	0.42713685648290983
45	117	0.49187725699848445
45	102	0.28469891407805614
11	36	0.42713685648290983
36	117	0.49187725699848445
36	102	0.28469891407805614
11	117	0.30092287582612104
11	102	0.209195082227391
102	200	0.28469891407805614
3	102	0.09895373138108572
19	200	0.6577178520743316
3	19	0.3670476545208938
3	200	0.32742104010183537
62	173	0.4787488068551403
10	62	0.4787488068551403
10	173	0.33940637605500745
102	173	0.14535648327792325
95	173	0.3832716162689586
114	173	0.4787488068551403
46	155	0.49187725699848445
117	169	0.43602668083136115
27	46	0.3525348261983515
102	145	0.3243255284971146
11	145	0.46676347090196824
102	149	0.3243255284971146
102	214	0.25396212400744905
149	214	0.6269810620037246
90	213	0.4293061055570409
77	90	0.3417021703556565
90	122	0.4639232781273017
70	213	0.38017610466423785
77	213	0.3070849977853956
122	213	0.4293061055570409
72	213	0.41091289473484494
70	122	0.41479327723449866
77	122	0.3417021703556565
72	77	0.32330895953346045
72	122	0.44553006730510575
102	133	0.25396212400744905
21	158	0.3452192414917928
8	158	0.5685465699191107
8	153	0.6284774584794145
8	217	0.4187861501196422
8	178	0.32330895953346045
153	217	0.46676347090196824
153	178	0.37128628031578653
153	158	0.46676347090196824
158	217	0.6180912376552733
158	178	0.5226140470690915
87	221	0.56224066148815
211	221	0.5873544475846662
221	222	0.5873544475846662
87	211	0.5315038714175429
87	222	0.5315038714175429
211	222	0.5566176575140591
44	50	0.4293061055570409
44	212	0.5598422505776233
14	44	0.665397566145681
44	65	0.6018672759072083
14	212	0.683334053295827
65	212	0.6180912376552733
14	65	0.7135684282414548
2	34	0.30981270017457235
34	44	0.22884833791093287
34	183	0.34054949024517944
34	72	0.2450722996589977
34	49	0.5795844823586961
34	212	0.3764962991545506
6	34	0.18922172349187447
14	34	0.34054949024517944
2	44	0.47565329525041955
2	183	0.5873544475846662
2	72	0.49187725699848445
2	49	0.5873544475846662
2	212	0.49187725699848445
2	6	0.43602668083136115
2	14	0.5873544475846662
44	183	0.5063900853210266
44	72	0.41091289473484494
44	49	0.5063900853210266
6	44	0.3550623185677217
72	183	0.5226140470690915
49	183	0.6180912376552733
183	212	0.5226140470690915
6	183	0.46676347090196824
14	183	0.6180912376552733
49	72	0.5226140470690915
72	212	0.42713685648290983
14	72	0.5226140470690915
49	212	0.5226140470690915
6	49	0.46676347090196824
14	49	0.6180912376552733
6	212	0.37128628031578653
6	14	0.46676347090196824
23	44	0.21995851356248156
39	212	0.36026084001982134
3	50	0.2503370603378496
3	178	0.2319438495156536
11	202	0.37128628031578653
8	92	0.46299125435105304
92	153	0.37128628031578653
3	153	0.30023616995430447
3	92	0.2319438495156536
3	8	0.24719458793669005
173	181	0.44801201678453323
173	185	0.3832716162689586
171	173	0.4787488068551403
134	181	0.3880493600490351
181	185	0.49187725699848445
171	181	0.5873544475846662
134	171	0.4187861501196422
171	185	0.5226140470690915
146	219	0.6577178520743316
86	146	0.56224066148815
80	146	0.56224066148815
4	146	0.5873544475846662
86	219	0.6018672759072083
80	219	0.6018672759072083
4	219	0.6269810620037246
80	86	0.5063900853210267
4	86	0.5315038714175429
4	80	0.5315038714175429
109	196	0.6973444664933901
196	223	0.6269810620037246
125	196	0.47565329525041955
196	214	0.6269810620037246
37	196	0.5315038714175429
109	111	0.56224066148815
111	223	0.49187725699848445
111	125	0.34054949024517944
111	214	0.49187725699848445
109	223	0.6269810620037246
109	125	0.47565329525041955
109	214	0.6269810620037246
37	109	0.5315038714175429
125	223	0.40528989076075406
214	223	0.5566176575140591
37	223	0.4611404669278773
125	214	0.40528989076075406
37	125	0.30981270017457235
37	214	0.4611404669278773
186	224	0.425001240535396
91	186	0.36026084001982134
148	186	0.3786540508420173
182	224	0.5566176575140591
91	182	0.49187725699848445
148	182	0.5102704678206804
91	224	0.49187725699848445
148	224	0.5102704678206804
91	148	0.44553006730510575
4	148	0.5102704678206804
91	164	0.5226140470690915
11	164	0.42713685648290983
91	162	0.44553006730510575
11	162	0.35005287671892404
11	91	0.4722234221597115
11	159	0.39640006641230274
91	159	0.49187725699848445
159	192	0.6269810620037246
11	192	0.46676347090196824
11	163	0.46676347090196824
91	192	0.56224066148815
91	163	0.56224066148815
163	192	0.6973444664933901
68	201	0.4787488068551403
71	212	0.30092287582612104
71	213	0.2846989140780562
8	71	0.32345471713693613
8	212	0.32330895953346045
8	213	0.3070849977853956
34	184	0.2846989140780562
34	115	0.4203057133635064
34	134	0.14124440270954844
115	184	0.5063900853210267
184	212	0.46676347090196824
115	134	0.36293557395251896
115	212	0.46676347090196824
134	212	0.32330895953346045
111	177	0.49187725699848445
29	111	0.42713685648290983
111	142	0.41091289473484494
29	177	0.6493528316497679
142	177	0.47565329525041955
29	142	0.41091289473484494
64	212	0.46676347090196824
115	132	0.5315038714175429
29	118	0.44553006730510575
29	160	0.46676347090196824
29	130	0.41091289473484494
4	29	0.49187725699848445
118	177	0.5102704678206804
160	177	0.5315038714175429
130	177	0.47565329525041955
4	177	0.5566176575140591
118	160	0.48515668172416415
118	130	0.4293061055570409
4	118	0.5102704678206804
130	160	0.4505395091539034
4	160	0.5315038714175429
4	130	0.47565329525041955
4	23	0.30092287582612104
34	189	0.39683101114939323
8	196	0.45841276453870067
196	207	0.6973444664933901
189	196	0.5806338723103459
179	196	0.6577178520743316
8	207	0.45841276453870067
8	189	0.3417021703556565
8	179	0.4187861501196422
153	207	0.5063900853210267
153	179	0.46676347090196824
189	207	0.5806338723103459
179	207	0.6577178520743316
179	189	0.5410072578912875
23	212	0.2361824753105464
64	132	0.5315038714175429
107	177	0.6269810620037246
8	134	0.2194810625840112
132	153	0.43602668083136115
153	184	0.410912894734845
132	184	0.5315038714175429
205	225	0.5460166997400852
222	225	0.47565329525041955
205	222	0.6269810620037246
213	225	0.3946889329867801
8	226	0.45841276453870067
71	226	0.43602668083136115
15	226	0.6577178520743316
23	226	0.37128628031578653
137	226	0.56224066148815
8	23	0.1323545783610971
8	137	0.32330895953346045
15	71	0.39640006641230274
71	137	0.4382422005136524
15	23	0.33165966589672813
15	137	0.5226140470690915
23	137	0.36666810659165383
120	132	0.6269810620037246
102	199	0.47565329525041955
111	199	0.7135684282414548
133	137	0.49187725699848445
85	160	0.48515668172416415
16	160	0.4980963492185215
16	85	0.47462164700440823
16	87	0.3550623185677217
16	147	0.5598422505776233
3	87	0.27157046393471207
87	147	0.56224066148815
85	87	0.48515668172416415
3	147	0.32742104010183537
85	147	0.5410072578912875
160	218	0.6018672759072083
147	160	0.56224066148815
147	218	0.6577178520743316
16	218	0.4505395091539034
21	29	0.24974205090561108
3	29	0.2319438495156536
29	228	0.5226140470690915
29	102	0.18922172349187444
3	21	0.05454904393835489
21	228	0.3452192414917928
21	102	0.11863062753530398
3	31	0.1281159525662043
31	228	0.4187861501196422
3	228	0.32742104010183537
102	228	0.28469891407805614
64	90	0.48515668172416415
173	228	0.4787488068551403
173	208	0.4787488068551403
208	228	0.6180912376552733
49	228	0.6180912376552733
34	228	0.34054949024517944
17	34	0.34054949024517944
65	213	0.6018672759072083
56	65	0.6364844484774691
55	65	0.56224066148815
65	89	0.6018672759072083
56	213	0.4293061055570409
55	213	0.4980963492185215
89	213	0.3946889329867801
55	56	0.3896794911379825
55	89	0.3550623185677217
183	213	0.5063900853210266
26	89	0.47565329525041955
26	41	0.44801201678453323
41	89	0.3670476545208938
86	173	0.4228982306880171
86	180	0.6018672759072083
21	50	0.26813526172780705
50	67	0.5806338723103459
21	67	0.3848458559108512
34	55	0.18922172349187447
34	213	0.22884833791093287
16	224	0.38017610466423785
16	44	0.2992117424005984
16	77	0.21160780719921393
16	162	0.3338289149708592
16	130	0.2992117424005984
16	164	0.41091289473484494
44	224	0.47565329525041955
77	224	0.3880493600490351
162	224	0.5102704678206804
130	224	0.47565329525041955
164	224	0.5873544475846662
44	77	0.3070849977853956
44	162	0.4293061055570409
44	130	0.3946889329867801
44	164	0.5063900853210266
77	162	0.3417021703556565
77	130	0.3070849977853956
77	164	0.4187861501196422
130	162	0.4293061055570409
130	164	0.5063900853210266
216	227	0.56224066148815
3	216	0.27157046393471207
3	227	0.4675373868814639
17	182	0.5873544475846662
44	152	0.47565329525041955
26	152	0.5566176575140591
152	163	0.6269810620037246
26	44	0.47565329525041955
44	163	0.5460166997400852
26	163	0.6269810620037246
124	159	0.5315038714175429
23	124	0.2758090897296049
105	124	0.4505395091539034
3	124	0.27157046393471207
23	159	0.30092287582612104
105	159	0.47565329525041955
3	159	0.2966842500312282
23	105	0.21995851356248156
3	105	0.2157198877675888
124	185	0.46676347090196824
150	152	0.6269810620037246
105	152	0.47565329525041955
105	150	0.5460166997400852
77	227	0.4187861501196422
83	227	0.6180912376552733
103	227	0.6577178520743316
77	83	0.4187861501196422
77	103	0.45841276453870067
83	103	0.6577178520743316
159	173	0.44801201678453323
225	229	0.47565329525041955
96	225	0.4505395091539034
96	229	0.8045881689313615
96	105	0.4505395091539034
86	96	0.5063900853210267
96	142	0.4505395091539034
86	105	0.4505395091539034
105	142	0.3946889329867801
105	229	0.47565329525041955
86	142	0.6036516647865792
86	229	0.5315038714175429
142	229	0.47565329525041955
128	130	0.5063900853210266
89	128	0.5063900853210266
128	146	0.6180912376552733
89	130	0.3946889329867801
130	146	0.5063900853210266
89	146	0.5063900853210266
226	229	0.6269810620037246
169	226	0.6018672759072083
169	229	0.5315038714175429
25	151	0.5873544475846662
150	229	0.6269810620037246
159	229	0.5566176575140591
197	229	0.5566176575140591
150	159	0.6269810620037246
150	197	0.6269810620037246
159	197	0.5566176575140591
13	25	0.5873544475846662
25	105	0.5063900853210266
25	185	0.5226140470690915
25	148	0.5410072578912875
25	55	0.46676347090196824
25	197	0.5873544475846662
13	105	0.6314163444996218
13	185	0.49187725699848445
13	148	0.5102704678206804
13	55	0.43602668083136115
13	197	0.5566176575140591
105	185	0.41091289473484494
105	148	0.4293061055570409
55	105	0.3550623185677217
105	197	0.47565329525041955
148	185	0.44553006730510575
55	185	0.37128628031578653
185	197	0.6493528316497679
55	148	0.3896794911379825
148	197	0.5102704678206804
55	197	0.43602668083136115
92	113	0.6180912376552733
92	167	0.56224066148815
92	185	0.42713685648290983
48	92	0.49187725699848445
92	197	0.49187725699848445
113	167	0.7531950426605134
113	185	0.6180912376552733
48	113	0.6828316381708479
113	197	0.6828316381708479
167	185	0.56224066148815
48	167	0.6269810620037246
167	197	0.6269810620037246
48	185	0.49187725699848445
48	197	0.5566176575140591
106	126	0.587606930290666
106	171	0.46676347090196824
71	106	0.24507229965899774
126	171	0.5873544475846662
71	126	0.3656632763416956
11	125	0.3764962991545506
127	168	0.4187861501196422
127	221	0.4187861501196422
127	138	0.45841276453870067
127	136	0.6097405312920056
127	140	0.6097405312920056
121	127	0.4187861501196422
138	221	0.6577178520743316
136	221	0.8090456188276366
129	221	0.5410072578912875
140	221	0.8090456188276366
121	221	0.6180912376552733
136	138	0.848672233246695
129	138	0.5806338723103459
138	140	0.848672233246695
121	138	0.6577178520743316
129	136	0.7319616390636509
136	140	1.0
121	136	0.8090456188276366
129	140	0.7319616390636509
121	129	0.5410072578912875
121	140	0.8090456188276366
194	220	0.5806338723103459
166	220	0.5806338723103459
166	194	0.6973444664933901
118	123	0.4639232781273017
69	190	0.6269810620037246
33	230	0.46676347090196824
186	230	0.3998874544388798
27	230	0.5730927024495217
33	186	0.36026084001982134
27	186	0.3163955998058702
23	96	0.2758090897296049
23	224	0.4382422005136524
21	96	0.42546838167658035
96	224	0.5315038714175429
21	224	0.45323306138962305
21	202	0.2893686653246695
100	202	0.56224066148815
23	202	0.2758090897296049
21	100	0.3452192414917928
23	100	0.4722234221597115
188	203	0.6269810620037246
7	203	0.5566176575140591
7	188	0.6269810620037246
106	209	0.587606930290666
106	166	0.5063900853210267
63	106	0.3896794911379825
166	209	0.6269810620037246
63	209	0.5102704678206804
63	166	0.5806338723103459
155	218	0.6577178520743316
10	155	0.4787488068551403
122	155	0.5410072578912875
37	155	0.49187725699848445
209	218	0.6269810620037246
10	209	0.44801201678453323
122	209	0.5102704678206804
37	209	0.4611404669278773
10	218	0.5183754212741988
122	218	0.5806338723103459
37	218	0.5315038714175429
10	122	0.4016648270911546
10	37	0.3525348261983515
37	122	0.5641322280765527
101	128	0.5410072578912875
110	128	0.6577178520743316
104	128	0.6577178520743316
102	128	0.28469891407805614
67	128	0.6577178520743316
101	110	0.5806338723103459
67	101	0.5806338723103459
104	110	0.6973444664933901
67	110	0.6973444664933901
67	104	0.6973444664933901
67	102	0.3243255284971146
183	215	0.6577178520743316
184	220	0.48515668172416415
181	220	0.5102704678206804
11	220	0.35005287671892404
181	184	0.5315038714175429
11	184	0.37128628031578653
11	181	0.39640006641230274
23	220	0.25457568613274234
101	139	0.4293061055570409
34	139	0.22884833791093287
127	139	0.4450547672009071
11	139	0.3154357041486633
8	139	0.3070849977853956
89	139	0.3946889329867801
34	101	0.2634655104811937
101	127	0.3417021703556565
11	101	0.35005287671892404
8	101	0.3417021703556565
101	125	0.3589427010673754
34	127	0.14124440270954844
11	34	0.2709409835864928
8	34	0.14124440270954844
34	125	0.1584849334212674
34	89	0.22884833791093287
8	127	0.2194810625840112
125	127	0.23672159329573014
89	127	0.3070849977853956
8	11	0.2278317689472788
11	89	0.3154357041486633
8	125	0.23672159329573014
8	89	0.3070849977853956
89	125	0.3243255284971146
139	176	0.5063900853210266
27	139	0.3670476545208938
126	139	0.47565329525041955
139	208	0.5063900853210266
127	176	0.4187861501196422
27	127	0.2794437193195093
126	127	0.3880493600490351
127	208	0.4187861501196422
27	176	0.4787488068551403
126	176	0.5873544475846662
176	208	0.6180912376552733
27	126	0.44801201678453323
27	208	0.4787488068551403
126	208	0.5873544475846662
216	219	0.6018672759072083
217	219	0.6577178520743316
186	188	0.49536464502506145
186	217	0.45573803060600304
178	186	0.36026084001982134
180	186	0.49536464502506145
186	215	0.49536464502506145
186	214	0.425001240535396
0	186	0.32952404994921425
188	217	0.6577178520743316
178	188	0.56224066148815
180	188	0.6973444664933901
188	215	0.6973444664933901
188	214	0.6269810620037246
0	188	0.5315038714175429
180	217	0.6577178520743316
215	217	0.6577178520743316
178	215	0.56224066148815
180	215	0.6973444664933901
180	214	0.6269810620037246
0	180	0.5315038714175429
231	232	0.8819878776124703
27	192	0.5183754212741988
68	192	0.5183754212741988
151	192	0.6269810620037246
27	68	0.33940637605500745
27	151	0.44801201678453323
68	151	0.44801201678453323
34	230	0.4203057133635064
21	230	0.2893686653246695
28	230	0.6577178520743316
49	230	0.56224066148815
102	230	0.22884833791093287
103	230	0.6018672759072083
34	103	0.38017610466423785
21	28	0.4406964320779745
21	49	0.3452192414917928
21	103	0.3848458559108512
28	49	0.7135684282414548
28	102	0.38017610466423785
28	103	0.7531950426605134
49	102	0.28469891407805614
49	103	0.6577178520743316
102	103	0.3243255284971146
11	230	0.37128628031578653
23	230	0.2758090897296049
151	230	0.5315038714175429
3	230	0.27157046393471207
227	230	0.56224066148815
108	230	0.6018672759072083
11	151	0.39640006641230274
3	11	0.2564267557453485
11	227	0.42713685648290983
11	108	0.46676347090196824
23	151	0.30092287582612104
23	227	0.33165966589672813
23	108	0.37128628031578653
3	151	0.2966842500312282
151	227	0.5873544475846662
108	151	0.6269810620037246
3	108	0.3670476545208938
108	227	0.6577178520743316
31	230	0.36293557395251896
47	230	0.43602668083136115
31	47	0.2925721694628534
31	178	0.32330895953346045
27	34	0.415395735111644
34	224	0.30981270017457235
27	224	0.44801201678453323
52	101	0.5806338723103459
11	144	0.42713685648290983
27	144	0.4787488068551403
3	144	0.32742104010183537
11	27	0.2877944256827769
3	27	0.18807860930170245
146	230	0.56224066148815
100	102	0.28469891407805614
102	158	0.28469891407805614
100	158	0.6180912376552733
23	158	0.33165966589672813
81	124	0.6018672759072083
101	190	0.5806338723103459
101	151	0.5102704678206804
151	190	0.6269810620037246
21	60	0.531023697244638
6	60	0.5063900853210267
41	60	0.5183754212741988
21	41	0.42089815532014857
6	41	0.46753738688146396
89	222	0.47565329525041955
142	222	0.47565329525041955
89	142	0.3946889329867801
39	231	0.6813153774825874
39	232	0.6093989178110426
21	91	0.24974205090561108
21	231	0.47258505928086797
21	76	0.3452192414917928
21	225	0.23351808915754624
91	231	0.5777787377277692
76	91	0.5226140470690915
91	225	0.41091289473484494
41	91	0.3832716162689586
76	231	0.5226140470690915
225	231	0.5598422505776233
6	231	0.37128628031578653
41	231	0.5292832882405658
76	225	0.5063900853210266
6	76	0.46676347090196824
41	76	0.6348386038086234
6	225	0.3550623185677217
41	225	0.3670476545208938
21	105	0.23351808915754624
39	105	0.3440368782717565
13	21	0.3144824514211857
13	39	0.425001240535396
21	39	0.30772383198284015
25	41	0.4787488068551403
25	228	0.6180912376552733
25	76	0.6180912376552733
41	228	0.4787488068551403
76	228	0.6180912376552733
222	231	0.49187725699848445
222	232	0.5873544475846662
7	129	0.5102704678206804
72	170	0.41091289473484494
86	170	0.4505395091539034
170	208	0.5063900853210266
72	208	0.5226140470690915
86	208	0.56224066148815
57	223	0.6269810620037246
13	153	0.43602668083136115
153	223	0.43602668083136115
153	170	0.3550623185677217
153	171	0.46676347090196824
13	223	0.5566176575140591
13	170	0.47565329525041955
13	171	0.5873544475846662
170	223	0.47565329525041955
171	223	0.5873544475846662
170	171	0.5063900853210266
102	204	0.3243255284971146
102	223	0.25396212400744905
204	223	0.6269810620037246
11	223	0.39640006641230274
0	174	0.49187725699848445
128	174	0.6180912376552733
175	186	0.6093989178110426
143	175	0.6577178520743316
143	186	0.49536464502506145
176	186	0.45573803060600304
112	176	0.6577178520743316
112	186	0.49536464502506145
102	186	0.122345707028786
102	107	0.3243255284971146
102	181	0.25396212400744905
3	128	0.32742104010183537
122	128	0.5410072578912875
63	128	0.5410072578912875
128	129	0.5410072578912875
128	135	0.6180912376552733
126	128	0.5873544475846662
37	128	0.49187725699848445
3	122	0.2503370603378496
3	63	0.2503370603378496
3	37	0.20120705944504652
63	122	0.4639232781273017
122	129	0.4639232781273017
122	135	0.5410072578912875
122	126	0.5102704678206804
63	129	0.4639232781273017
63	135	0.5410072578912875
63	126	0.5102704678206804
37	63	0.41479327723449866
37	129	0.41479327723449866
126	135	0.5873544475846662
37	135	0.49187725699848445
37	126	0.4611404669278773
225	232	0.5063900853210266
39	225	0.48590711509283896
92	225	0.41091289473484494
39	92	0.5038436022429849
29	203	0.6493528316497679
144	203	0.7549081472178255
29	144	0.683334053295827
34	186	0.1781962831959093
29	186	0.36026084001982134
144	186	0.45573803060600304
117	186	0.4698623805969257
186	203	0.425001240535396
77	186	0.25643294307037207
29	34	0.2450722996589977
34	203	0.30981270017457235
29	117	0.39640006641230274
29	77	0.32330895953346045
117	144	0.49187725699848445
77	144	0.4187861501196422
117	203	0.4611404669278773
77	203	0.3880493600490351
96	186	0.3998874544388798
96	117	0.43602668083136115
31	88	0.45841276453870067
78	221	0.6577178520743316
78	185	0.56224066148815
78	86	0.6018672759072083
78	142	0.5460166997400852
78	160	0.6018672759072083
37	78	0.5315038714175429
185	221	0.5226140470690915
86	221	0.56224066148815
142	221	0.5063900853210266
160	221	0.56224066148815
37	221	0.49187725699848445
86	185	0.46676347090196824
142	185	0.41091289473484494
160	185	0.46676347090196824
37	185	0.39640006641230274
86	160	0.5063900853210267
37	86	0.43602668083136115
142	160	0.4505395091539034
37	142	0.38017610466423785
37	160	0.43602668083136115
70	200	0.49187725699848445
92	96	0.46676347090196824
39	96	0.5476530164519408
91	96	0.46676347090196824
96	231	0.6215881519367251
60	96	0.7709528817137387
96	134	0.36293557395251896
91	92	0.42713685648290983
92	231	0.42713685648290983
60	92	0.56224066148815
92	134	0.32330895953346045
39	91	0.36026084001982134
39	60	0.6532083320199984
39	134	0.25643294307037207
60	91	0.56224066148815
91	134	0.32330895953346045
60	231	0.7271434675047829
134	231	0.32330895953346045
60	134	0.45841276453870067
42	96	0.5315038714175429
2	42	0.5566176575140591
21	42	0.3144824514211857
42	231	0.49187725699848445
42	60	0.6269810620037246
42	229	0.5566176575140591
2	96	0.5315038714175429
2	21	0.3144824514211857
2	39	0.425001240535396
2	231	0.49187725699848445
2	60	0.6269810620037246
2	229	0.5566176575140591
21	229	0.3144824514211857
39	229	0.425001240535396
229	231	0.49187725699848445
60	229	0.6269810620037246
36	39	0.45573803060600304
39	213	0.3440368782717565
36	213	0.5063900853210266
34	42	0.30981270017457235
42	153	0.587606930290666
23	42	0.30092287582612104
20	42	0.6269810620037246
34	153	0.18922172349187447
20	34	0.38017610466423785
23	153	0.18033189914342312
20	153	0.5063900853210267
8	42	0.3880493600490351