1 33 30 189 117 173 107 79 105 170 135 133 106 136 210 193 93 82 4 169 68 42 124 90 214 147 25 97 110 28 61 200 46 142 77 23 163 52 132 221 204 216 114 126 164 92 162 35 10 171 80 20 63 129 198 149 148 220 123 18 13 208 146 127 108 119 190 207 109 144 222 112 174 74 183 176 158 70 84 128 206 202 102 34 199 218 66 5 78 215 134 195 0 69 57 54 22 81 100 160 9 3 194 184 152 2 141 6 56 16 154 113 88 175 36 53 168 191 177 39 219 159 179 188 17 211 213 99 157 11 120 180 192 27 143 212 12 167 76 151 65 64 185 115 172 182 150 72 137 186 87 140 91 98 37 24 
14 
19 26 32 
94 
138 58 116 51 197 41 8 43 40 73 156 178 48 67 187 38 96 45 50 95 161 44 86 75 209 60 111 205 15 49 
7 
139 121 
165 203 31 89 104 166 153 
122 
59 
29 
101 
103 
130 
55 
47 
71 
131 
85 
155 
217 
118 
196 
181 
21 
145 
201 
83 
