113 70 6 14 154 54 175 102 189 199 174 158 56 16 37 24 80 190 166 212 192 9 120 64 36 53 75 41 185 115 182 137 207 109 216 179 186 200 127 208 108 170 63 20 163 52 12 78 34 206 5 218 215 76 13 18 164 213 10 35 92 112 222 146 23 81 129 77 17 74 100 210 221 204 66 162 68 211 84 65 114 220 123 149 184 117 128 82 61 110 195 97 25 140 150 46 147 99 159 124 42 148 90 194 3 152 219 191 142 0 141 2 4 39 169 28 72 
49 132 143 156 144 67 197 88 43 51 203 93 193 209 135 44 50 153 95 96 45 111 22 134 198 173 160 176 172 87 55 181 151 31 40 171 98 202 8 118 133 86 79 91 187 69 101 105 57 48 178 
188 
201 
21 
116 
168 
71 
7 136 106 
180 183 104 
217 
60 
58 38 1 205 26 19 30 177 32 27 33 
15 73 
119 11 
29 
131 
214 
196 
59 
130 
138 
165 
167 
122 
139 121 
89 
103 
161 
47 
126 
145 
83 
94 
107 
157 
85 
155 
