79 7 104 100 205 163 149 68 166 213 200 186 74 84 191 211 154 2 141 180 80 6 4 105 20 123 221 25 148 101 207 72 164 37 182 146 160 170 28 61 17 39 65 34 29 10 49 36 111 82 30 129 106 40 124 175 133 35 127 185 194 66 204 142 27 70 26 24 112 220 1 41 113 114 32 52 12 108 33 13 18 177 42 16 56 137 54 136 140 3 216 115 179 5 215 110 19 195 78 150 46 147 109 183 75 73 23 222 
173 187 92 198 176 172 134 97 168 99 209 199 218 184 206 48 178 107 174 208 132 102 162 31 203 128 81 190 119 202 214 22 135 158 76 157 55 126 
143 15 161 88 57 197 51 69 144 9 219 8 0 90 98 67 91 38 45 96 87 86 193 151 159 93 139 14 43 95 58 138 118 
196 
103 
155 
165 
171 
181 
156 
83 
192 169 120 212 
145 
89 153 
60 63 53 64 
167 
130 
21 
188 
121 
122 
94 
210 
59 
116 
77 44 50 
201 
152 
85 
217 
71 
189 
117 
131 
47 
11 
