177 151 98 126 51 112 138 117 137 72 14 153 150 55 146 107 194 2 97 56 159 52 34 70 17 124 28 20 25 108 135 58 221 78 18 148 63 206 184 54 129 161 198 82 65 139 203 220 119 111 110 39 87 11 109 123 134 209 101 164 66 36 92 140 5 128 218 120 113 222 89 49 15 76 147 133 23 10 216 99 172 142 121 204 149 205 46 191 200 163 179 79 175 195 37 166 3 6 0 186 178 16 188 208 162 214 141 61 81 199 64 102 44 219 143 174 158 22 74 202 154 213 4 176 187 116 105 127 106 170 13 8 24 90 183 68 207 180 114 53 42 193 192 
182 115 215 185 35 
71 84 
171 173 
156 67 144 197 43 88 57 
201 
189 160 32 165 26 19 30 27 33 1 210 
122 
40 45 48 50 86 
118 
77 80 190 
29 
96 196 38 91 
31 
104 
95 
94 
169 212 
155 
69 136 7 
100 
21 
59 
9 93 
181 
217 
103 
60 41 
12 
152 
73 
130 
167 157 132 
75 
83 
168 
131 
211 
47 
145 
85 
