53 25 148 147 118 100 27 13 177 188 179 191 159 70 7 136 106 187 105 107 79 210 75 64 1 170 16 24 212 37 0 154 36 146 42 127 133 52 6 132 2 68 65 124 194 111 20 110 181 4 114 3 108 54 45 113 66 203 164 141 58 221 81 15 175 39 163 23 139 121 71 129 56 69 8 123 63 51 61 220 28 205 17 138 34 40 74 101 166 153 76 200 186 207 10 29 149 193 142 216 
130 
95 
201 
168 84 199 112 55 9 82 222 190 89 72 202 158 204 119 31 92 218 41 93 184 209 214 157 134 135 195 198 115 172 176 22 35 213 14 182 173 137 215 178 140 109 185 73 46 80 78 150 
156 99 86 87 143 38 43 67 91 57 88 151 96 90 197 144 98 219 
83 
167 
104 183 180 
32 26 19 33 30 160 
12 
21 
145 
126 
103 
116 
120 192 169 
217 
85 
77 44 50 48 
165 
60 
11 
155 
94 
174 97 102 208 162 128 206 18 
211 
49 
117 
59 
189 
131 
161 
122 
196 
5 
47 
152 
171 
