135 97 158 206 128 208 162 152 25 147 65 53 101 57 63 91 0 185 150 151 209 123 93 4 30 195 204 27 46 215 109 36 41 20 68 146 126 60 1 82 175 221 140 89 5 78 143 108 33 181 193 212 50 148 167 133 141 39 98 38 166 106 205 127 137 9 116 56 191 194 188 42 17 115 3 34 72 200 64 149 23 170 211 132 113 90 179 159 169 2 66 199 6 55 8 112 51 122 153 157 71 28 54 207 218 16 142 216 182 220 52 164 114 222 160 210 58 10 177 12 120 178 124 154 192 219 174 144 94 213 48 88 45 70 129 163 105 
35 
21 
121 139 
84 187 14 119 80 183 172 69 11 100 184 136 110 198 176 214 76 95 180 74 7 77 190 173 81 134 186 107 22 202 168 79 
189 32 26 19 
83 
40 
43 156 
18 37 29 24 61 
73 15 102 96 99 
31 
87 86 
171 
201 
111 49 161 67 197 
138 
104 
75 
92 
203 
59 
145 
196 
103 
13 
85 
117 
130 
165 
131 
155 
118 
44 
217 
47 
