112 27 33 24 177 63 53 17 141 127 54 113 203 163 117 164 87 215 207 142 4 23 18 191 30 195 10 40 50 194 78 39 162 121 86 174 148 93 173 90 137 68 150 185 1 45 109 36 108 143 56 70 101 105 146 151 28 72 116 8 79 175 221 106 52 211 9 64 20 140 6 200 204 48 171 149 188 216 12 42 16 222 147 99 46 34 25 129 5 123 66 65 133 89 166 82 153 3 218 135 159 2 169 220 179 206 124 208 170 128 13 199 157 102 55 114 209 178 210 61 97 158 98 35 91 51 0 139 193 111 182 15 213 154 192 167 37 115 107 212 41 
32 26 19 189 
100 84 187 180 14 77 176 198 214 168 202 110 22 80 69 92 136 76 7 184 134 81 183 172 11 119 186 190 74 
130 
21 
59 
95 
156 43 49 161 57 88 197 67 144 219 120 
58 205 38 
118 
131 
83 
132 126 
103 
155 
60 
138 
44 
217 
85 
165 
181 
73 
145 
96 
122 
94 
104 
47 
75 
196 
29 
160 
71 
31 
201 
152 
