112 190 11 176 198 214 172 189 123 174 40 79 139 41 77 70 143 78 121 3 65 68 218 4 220 177 13 8 43 69 98 206 0 119 35 127 133 115 52 195 91 38 105 93 76 34 28 138 46 108 51 54 45 113 92 162 15 66 185 212 175 106 182 164 124 107 5 137 141 6 205 110 20 194 17 166 2 154 184 146 56 57 86 72 215 90 129 153 116 89 158 181 204 216 163 23 170 149 10 142 140 193 134 207 36 88 200 186 25 82 9 135 58 150 22 75 39 87 159 191 114 101 179 221 171 151 199 208 81 109 147 148 188 136 42 7 202 222 74 219 55 210 128 97 
187 209 178 44 48 50 
32 24 61 12 165 16 27 160 33 18 37 30 1 29 26 19 
196 
201 
102 99 
155 
118 
180 183 104 
130 
71 169 64 192 63 60 167 120 213 157 53 126 84 132 31 
111 49 67 144 197 161 
203 
95 
168 
131 
80 
100 
96 
152 
59 
156 
103 
122 
14 
73 
145 
21 
47 
211 
217 
94 
83 
117 
85 
173 
