189 188 22 81 134 102 172 174 97 158 208 206 141 2 175 42 16 8 7 179 218 36 53 17 58 154 28 61 63 215 108 6 112 68 113 54 216 91 140 45 136 18 13 39 177 164 4 203 90 51 52 132 142 46 98 194 162 34 10 204 5 66 170 149 0 69 195 148 126 15 167 49 72 150 105 93 163 109 220 147 40 146 124 106 78 111 116 25 138 200 127 133 35 70 205 129 207 114 101 135 56 191 159 37 24 110 222 166 89 117 153 74 139 185 115 182 137 41 75 65 64 82 213 128 84 99 157 186 87 219 151 171 20 199 193 9 3 14 202 23 121 221 79 143 
76 123 
209 178 86 122 176 198 214 184 77 190 88 57 161 44 43 119 144 92 197 11 96 50 156 187 80 38 67 48 
95 
165 160 210 33 27 12 1 32 30 19 26 
196 
118 
104 180 183 
169 192 120 212 
130 
29 
131 
71 
55 
145 
168 
155 
83 
103 
211 
59 
21 
217 
94 
47 
173 107 
73 
152 
60 
181 
201 
100 
31 
85 
