149 65 56 167 45 26 80 53 48 145 164 33 180 188 178 225 51 15 132 112 59 159 194 18 166 209 151 104 73 94 93 30 189 3 21 139 224 218 121 98 89 136 118 87 138 198 160 108 10 29 78 142 63 115 99 226 127 90 106 129 111 95 153 7 128 72 117 0 155 4 201 86 34 116 163 217 186 195 102 228 77 113 6 37 27 103 140 28 230 130 85 196 200 199 39 20 221 126 67 135 122 101 179 125 176 44 60 208 16 105 223 161 2 49 109 157 162 182 25 11 183 197 55 144 212 47 227 203 184 114 193 131 58 100 97 79 231 69 31 42 41 232 150 13 91 143 165 96 207 177 185 83 229 214 216 70 211 5 215 192 24 14 206 191 76 61 148 137 
9 187 119 1 68 202 173 46 168 205 23 123 133 92 22 171 154 19 71 181 75 64 40 134 
17 
50 
120 
152 
156 204 
219 146 
107 
57 
190 
36 
35 
8 158 62 
38 
110 
175 
66 
52 
170 169 
124 
43 
81 
147 
88 
220 
213 
222 
174 
