200 207 99 80 30 26 165 98 81 152 47 126 13 61 125 85 127 68 94 161 106 55 48 139 83 209 213 162 109 181 53 214 65 93 184 52 215 37 137 135 138 72 166 221 157 70 216 136 121 129 167 50 113 11 41 173 87 51 211 18 195 178 164 140 197 185 25 149 134 176 148 58 180 217 63 218 193 0 104 
132 163 159 155 196 206 203 97 145 179 110 31 27 170 199 156 201 103 35 160 16 117 225 23 232 34 3 6 222 231 102 91 21 182 7 57 39 2 77 92 60 78 79 24 73 192 204 69 191 
220 
186 175 188 
226 46 154 194 71 133 75 22 168 40 
19 
62 198 5 10 122 59 
147 
89 56 
96 229 150 118 130 142 146 219 4 86 105 
202 205 9 119 123 187 
208 
95 116 114 
64 
171 
43 
115 111 
183 14 44 212 
228 143 177 29 144 
112 169 
128 
49 
227 
120 
189 8 153 15 158 
66 
190 151 
131 
124 
28 
100 20 
76 
42 38 
67 
36 45 
107 
101 
224 
108 
223 
17 
1 
90 
174 
33 
230 
88 
