164 232 149 45 167 53 48 161 145 199 150 194 118 177 51 188 56 65 213 59 180 151 108 163 226 159 18 80 143 76 132 70 228 92 85 165 33 122 90 127 179 176 105 121 140 136 39 91 230 207 67 94 221 157 11 128 47 184 203 130 201 101 26 79 112 86 116 217 139 63 73 93 198 15 58 16 125 115 77 186 102 114 95 113 37 103 6 106 10 196 223 144 135 99 60 126 117 14 55 83 111 109 2 3 21 129 137 4 153 178 227 29 98 72 189 96 34 27 195 142 212 197 224 100 89 97 28 20 162 7 31 44 200 0 24 183 231 87 104 193 61 69 155 41 13 49 206 166 25 185 138 148 182 229 30 78 191 218 214 216 211 215 160 42 5 131 209 192 
205 9 19 1 22 187 134 181 71 23 64 68 154 202 75 173 123 119 171 133 220 40 
52 
17 
169 170 
120 
46 168 
66 
219 146 
43 
204 156 
174 
8 158 62 
88 
81 
152 
175 
110 
124 
222 225 
35 
36 
57 
50 
190 
147 
38 
107 
208 
