199 93 79 78 138 221 140 136 127 175 129 145 80 102 192 213 62 215 146 4 14 44 182 118 177 163 29 81 161 72 73 198 48 85 104 1 34 51 106 95 5 178 132 217 52 216 211 112 214 188 149 166 218 53 69 155 212 113 165 26 180 219 121 30 70 159 209 0 63 11 47 128 37 103 195 
75 24 108 191 206 194 201 179 168 31 223 164 40 97 10 22 27 162 200 99 41 222 91 76 139 61 196 6 83 71 56 157 23 231 122 55 50 125 137 232 100 39 203 60 96 21 92 229 20 65 2 207 94 98 
107 46 167 197 18 58 176 193 190 3 38 184 16 42 151 160 89 87 181 135 126 227 124 
15 158 115 8 153 189 
109 57 
19 
120 
226 
17 
111 
66 
204 156 
90 
114 116 
205 9 202 123 187 119 
64 
28 
101 
174 
33 
68 134 148 173 25 185 13 105 150 
36 45 
59 169 170 
133 
152 154 
228 
86 142 
49 183 
67 
230 
117 77 
186 
224 
171 
130 
110 
43 
143 
35 
147 
88 
220 
144 
225 
131 
208 
7 
