125 26 199 139 224 164 177 29 31 203 201 191 147 24 179 81 118 170 169 165 163 192 4 59 166 104 144 131 25 115 126 195 49 91 114 106 42 193 95 73 90 208 113 132 89 27 231 85 13 20 209 50 157 96 33 34 182 5 92 28 11 117 212 145 53 159 87 130 135 230 72 100 116 67 129 162 35 183 108 60 171 161 15 207 61 200 68 176 112 86 98 136 227 99 6 127 151 194 101 7 94 30 10 160 111 102 39 63 184 0 110 214 221 93 218 198 211 216 1 167 178 83 105 44 97 215 232 58 217 197 41 185 142 70 138 78 14 79 69 181 55 56 229 18 206 65 148 48 152 220 80 213 2 47 223 128 109 188 103 180 37 196 155 122 140 121 
77 52 51 123 9 187 205 119 202 19 
219 146 
228 76 
75 168 137 23 46 66 22 40 226 133 71 154 64 
143 
149 
107 
190 
158 62 
8 153 189 
88 
225 222 
57 
17 16 186 175 
124 
174 
38 
21 
156 204 
150 
36 45 173 134 
120 
43 
3 
