199 35 83 55 127 140 136 221 232 175 52 41 51 7 132 118 90 93 94 180 5 222 211 104 231 79 151 188 214 20 16 216 29 63 113 228 102 129 106 162 178 122 179 92 97 61 72 128 95 34 217 116 149 166 60 100 114 0 85 218 215 10 11 37 209 155 69 6 200 39 50 59 91 21 177 96 24 229 73 78 31 146 4 201 99 206 191 203 157 138 198 207 27 121 98 
181 53 36 30 87 193 182 158 68 81 189 25 15 152 197 167 195 153 165 219 134 80 184 148 8 173 176 105 115 47 13 26 185 58 18 
171 192 150 163 65 57 159 17 226 107 40 22 71 23 139 75 130 56 125 46 3 168 194 145 108 
117 186 224 164 
66 
103 
43 
33 
213 44 42 212 183 14 2 38 
156 204 
230 
111 223 196 
67 
109 
126 135 
28 
202 119 9 123 187 205 
110 
88 
143 
154 
142 160 86 70 89 
133 
112 169 170 
1 161 48 
208 
19 
120 
147 
220 
190 101 
137 
77 
174 
76 
124 
131 
225 
227 
62 
64 
144 
45 
49 
