81 46 168 194 96 42 68 199 227 108 220 26 147 15 192 7 51 145 163 159 18 83 55 61 165 48 212 79 67 58 207 69 223 53 115 195 4 203 103 160 65 78 121 140 214 101 131 170 128 63 109 155 113 33 94 180 136 13 211 177 218 95 226 161 142 34 188 125 37 151 167 0 59 208 112 135 49 35 126 73 97 92 110 104 100 198 24 44 86 5 30 111 60 27 215 231 130 186 1 127 137 77 117 138 219 179 93 116 221 171 169 176 216 122 118 184 105 178 139 31 206 114 146 87 217 193 197 185 91 191 29 201 144 28 230 132 14 47 2 56 183 129 182 72 162 157 99 20 80 196 6 232 98 10 102 164 224 166 90 41 200 89 25 213 85 209 181 
36 45 173 134 
222 225 39 21 
17 64 154 3 23 71 22 66 133 75 40 
19 119 187 123 202 9 205 
148 
124 
120 
88 
107 
189 8 153 
149 
38 
57 
43 
150 229 
204 156 
52 
106 11 
143 
158 62 
190 
174 
175 
228 76 
70 
50 
16 
152 
