188 199 45 48 26 161 46 145 30 158 148 171 28 9 205 47 183 103 14 63 209 166 153 149 18 31 5 106 170 79 112 101 185 76 193 34 127 115 86 203 232 150 192 214 53 102 25 117 221 49 95 73 56 93 215 160 77 130 35 116 137 37 20 125 128 114 229 179 121 167 113 122 50 91 201 198 129 186 78 105 196 138 55 135 216 13 110 126 218 217 140 39 211 51 165 136 144 11 208 80 195 4 61 119 206 163 142 0 24 146 41 96 213 118 223 212 187 65 104 228 21 6 10 178 89 184 72 182 169 94 219 97 16 99 139 207 67 27 157 162 100 131 194 200 83 224 176 33 197 231 87 29 191 92 189 60 159 2 58 98 132 111 69 85 
107 90 70 44 3 109 152 42 57 227 108 1 134 230 8 173 68 190 15 226 17 181 220 180 38 151 
124 
7 
22 40 64 154 75 133 23 71 66 
147 
59 
88 
204 156 
168 
202 123 
120 
143 175 
174 
155 
52 
222 225 
62 
81 
177 
164 
36 
19 
43 
