14 191 100 80 180 199 104 157 129 160 26 70 158 30 82 193 4 20 154 2 141 15 123 146 36 194 175 209 40 124 101 22 214 32 113 114 27 142 200 184 31 115 11 49 10 34 92 182 164 37 111 137 176 54 134 46 132 65 170 28 61 17 39 179 218 215 133 127 35 119 202 13 18 33 12 52 108 163 185 1 112 220 41 136 198 140 3 216 66 204 178 19 110 195 78 25 150 23 222 109 147 148 56 16 42 221 183 75 172 149 68 73 72 207 24 
189 
211 
29 
208 206 162 128 135 5 69 102 0 156 197 8 219 51 95 43 86 91 187 97 38 77 174 177 143 88 139 6 190 205 48 57 44 138 58 93 151 144 161 45 96 67 98 50 87 90 99 
188 
117 
76 81 53 64 63 60 169 120 192 186 213 126 167 212 84 74 
85 
217 
130 
152 
71 
116 
181 173 106 105 79 107 
203 153 166 89 
145 
155 
210 
83 
21 
159 
59 
103 
122 
118 
121 
196 
171 
7 
131 
55 
9 
165 
47 
94 
168 
201 
