84 112 69 202 11 198 176 172 214 189 123 190 22 186 78 77 70 204 215 121 139 41 3 65 68 218 132 195 127 133 115 52 42 4 28 220 177 13 43 98 206 0 119 35 63 137 5 91 38 93 105 76 34 46 108 51 54 113 45 92 162 15 66 185 212 175 182 164 141 6 205 167 48 110 20 194 143 50 126 17 166 2 154 72 144 184 146 216 163 23 142 140 193 134 207 36 88 200 135 58 150 74 222 25 82 81 208 9 89 158 71 149 170 64 8 40 129 153 90 53 213 157 39 159 191 114 101 179 221 151 171 199 124 152 75 188 106 79 136 109 147 148 56 57 128 97 174 210 219 197 
145 
118 
32 19 160 18 33 24 26 29 1 27 165 16 10 12 61 30 37 
7 
122 
47 
201 
55 116 138 44 209 178 
117 
131 
60 
83 
102 99 
169 120 192 
217 
111 49 161 
196 
104 183 180 
14 
100 
87 86 
80 
96 
211 
94 
130 
67 
21 
156 
187 
31 
168 
73 
103 
203 
181 
95 
173 107 
85 
59 
155 
