177 151 98 51 112 70 170 107 116 105 117 215 150 55 146 194 2 97 56 159 52 34 17 124 28 20 25 108 135 106 127 58 221 78 148 63 206 184 54 129 161 198 82 65 139 137 220 119 111 110 87 11 109 123 134 209 101 164 66 92 140 5 128 218 120 113 222 39 182 49 15 76 147 133 23 10 216 99 172 142 121 132 204 149 205 46 191 200 163 179 79 175 195 37 3 6 0 186 178 16 188 100 162 214 141 61 4 176 187 36 185 158 143 174 208 81 199 64 102 22 154 213 74 202 157 126 18 167 219 114 53 68 207 180 192 8 13 24 38 90 183 42 193 14 72 91 115 
40 45 48 50 86 
196 
156 67 144 197 43 57 88 
189 27 33 210 1 160 32 30 165 26 19 
35 
145 
7 136 69 
155 
201 
12 
60 41 
104 
203 153 166 89 
211 
181 
9 93 
130 
83 
71 84 
212 169 
31 
21 
94 
73 
173 171 
152 
95 
138 
29 
77 190 80 
118 
103 
168 
75 
131 
44 
85 
96 
47 
217 
122 
59 
