188 189 143 98 117 99 175 173 28 61 42 16 8 7 218 36 53 2 141 17 177 39 58 51 52 215 108 6 112 68 216 91 140 45 136 48 115 18 13 164 4 203 90 142 46 194 162 34 10 204 5 66 170 149 172 148 49 72 150 105 93 163 109 220 147 40 146 124 106 78 111 116 25 174 200 50 113 70 35 198 127 133 54 0 195 69 134 154 15 205 129 207 114 101 135 56 191 159 110 222 166 89 128 153 37 24 86 9 139 65 64 82 221 79 151 171 20 199 185 182 137 41 75 193 208 3 14 202 206 97 158 23 121 179 176 87 219 102 
217 
55 209 178 22 74 214 184 119 144 123 92 197 76 190 88 57 161 44 43 81 11 96 156 186 77 187 67 38 80 
130 
165 160 210 33 27 12 1 19 26 30 32 
152 
118 
85 
120 212 192 169 
196 
47 
131 
122 
132 60 63 84 167 126 213 157 31 104 
95 
145 
180 183 
201 
73 
94 
181 
100 
21 
29 
107 
83 
155 
138 
71 
168 
103 
211 
59 
