120 112 27 33 24 63 53 17 141 127 54 113 203 163 117 164 87 215 207 142 4 23 204 50 194 78 39 162 121 64 9 86 174 148 93 173 90 137 68 150 185 1 45 109 36 108 143 56 70 101 105 146 151 18 191 30 195 10 40 28 72 116 8 79 175 221 106 52 211 20 140 6 200 48 171 149 188 216 12 42 16 222 147 99 46 34 25 129 5 123 66 65 133 89 166 82 153 3 218 135 159 2 169 220 179 219 206 124 208 170 128 13 199 157 102 55 114 209 178 210 61 97 158 98 35 91 51 0 139 193 111 15 213 154 192 167 182 37 115 107 212 41 177 
155 
100 84 187 180 14 77 136 80 69 168 202 81 183 172 119 11 7 76 110 22 198 186 190 74 184 176 92 134 214 
156 43 57 88 67 144 197 161 49 
104 
83 
160 
96 
21 
71 
131 
152 
165 
73 
118 
95 
217 
189 19 26 32 
47 
58 205 38 196 
145 
181 
29 
31 
122 
60 
138 
103 
132 126 
201 
75 
44 
94 
130 
85 
59 
