189 173 1 10 16 30 33 117 136 79 106 105 170 193 93 82 4 169 68 42 124 90 214 147 25 97 110 28 61 200 46 142 69 195 0 77 133 23 163 52 132 221 204 216 114 126 164 92 162 35 171 80 20 63 198 129 149 148 220 123 18 13 208 146 127 108 119 190 207 109 144 222 112 174 74 176 158 70 84 128 206 202 102 34 199 218 66 5 78 215 2 141 9 160 3 194 184 152 6 56 57 54 154 113 88 175 36 53 210 101 135 186 87 168 191 39 219 159 179 100 213 99 157 12 167 151 65 64 17 211 115 185 172 182 150 72 137 41 75 192 27 143 212 11 120 188 140 91 98 37 24 
209 178 86 48 40 31 76 153 22 45 166 50 104 203 89 134 44 81 
181 
111 49 161 95 116 205 15 177 67 38 187 73 96 197 51 43 8 156 58 138 
59 
145 
183 180 
139 121 
165 
122 
83 
118 
94 
131 
14 
47 
103 
19 26 32 
7 
29 
55 
85 
196 
201 
21 
217 
107 
155 
60 
71 
130 
