158 128 74 53 183 40 148 147 99 86 87 210 185 182 150 9 25 222 109 204 46 180 215 72 75 140 27 13 177 188 152 199 104 221 179 191 159 23 0 205 186 200 154 36 146 137 5 124 194 206 129 56 110 181 162 108 54 113 37 218 2 68 65 12 93 38 91 101 166 66 164 141 208 82 24 58 193 15 18 175 39 64 1 16 42 115 195 127 52 133 4 114 135 78 98 143 17 151 163 96 28 220 61 51 34 41 139 153 207 29 10 149 216 
48 136 112 84 132 187 106 213 20 90 144 57 67 197 126 192 202 198 79 184 116 77 22 44 35 212 80 120 138 190 76 88 178 123 71 172 176 170 31 203 169 119 70 173 89 214 209 219 107 134 81 105 
111 49 
33 26 160 30 19 32 
118 69 43 50 8 6 156 45 3 
142 
168 
165 
94 
131 
145 
122 
55 
63 60 
157 167 
95 
102 
217 
196 
21 
7 
103 
92 
14 11 
47 
100 
174 97 
130 
155 
171 
189 
85 
83 
201 
211 
161 
59 
73 
117 
121 
