105 158 102 218 169 147 42 107 124 163 31 12 216 79 140 78 215 76 73 109 206 202 18 13 134 54 52 132 119 25 195 110 150 72 19 82 126 116 114 182 172 222 137 173 112 22 23 178 81 185 164 213 92 162 35 10 123 148 220 221 210 186 200 176 74 204 208 26 146 127 108 115 46 142 68 207 179 191 159 184 152 194 2 141 16 56 37 24 1 27 65 64 30 5 66 14 33 192 32 113 61 28 209 219 39 211 17 77 198 149 129 170 63 199 34 4 90 100 175 36 53 154 205 190 20 80 75 41 99 157 160 3 9 120 203 6 84 70 212 
104 180 183 
214 121 111 151 7 95 156 188 50 67 38 91 187 144 136 197 51 69 43 0 40 88 48 57 44 135 106 138 58 45 96 118 139 8 98 133 86 87 161 49 15 143 177 193 93 
165 
89 166 153 
83 
171 
130 
11 
168 
128 97 174 
122 
201 
196 
189 
117 
47 
55 
145 
71 
94 
167 
60 
21 
59 
155 
101 
217 
131 
103 
29 
181 
85 
