135 174 97 158 206 128 208 152 25 147 65 53 101 63 91 0 185 150 151 209 123 93 4 30 195 204 27 46 215 109 36 41 20 68 146 126 60 1 19 82 175 221 140 89 5 78 143 108 33 181 193 212 50 148 167 133 141 39 98 38 166 106 205 127 137 9 116 56 191 194 188 42 17 115 3 34 72 200 64 149 23 170 211 132 113 90 179 159 169 162 2 66 199 6 55 8 112 28 54 207 218 16 142 216 182 220 52 164 114 157 71 122 153 51 222 160 210 58 10 177 12 120 124 154 192 178 219 94 213 48 88 45 70 129 163 105 
57 67 156 43 144 197 49 161 
196 
73 15 96 99 102 
189 
18 37 61 29 24 
21 
40 
121 139 
26 32 
84 100 183 76 214 172 176 198 69 11 119 80 81 134 107 186 136 184 187 22 202 168 74 7 180 190 173 77 79 92 14 110 
87 86 
75 
85 
165 
201 
95 
130 
83 
59 
47 
217 
117 
138 
155 
145 
31 
203 
103 
104 
44 
131 
111 
13 
35 
118 
171 
