45 167 53 48 161 145 149 232 199 164 194 150 51 59 108 80 143 151 180 188 56 65 213 18 163 226 159 76 177 192 132 70 228 90 127 92 85 165 33 122 104 176 105 179 121 140 136 39 91 94 67 230 207 221 130 26 79 118 201 101 112 86 116 217 139 15 58 63 73 93 198 16 125 115 77 186 102 114 95 113 6 106 10 196 37 103 223 144 135 99 60 126 117 14 55 83 111 109 2 3 21 129 137 4 153 11 128 157 47 184 203 227 178 29 98 72 189 96 34 27 195 142 212 197 224 89 97 61 193 28 100 20 162 7 31 44 200 0 24 183 231 87 131 69 155 49 206 41 13 30 78 191 166 25 185 138 148 182 229 218 214 216 211 215 160 42 5 209 
110 205 9 19 1 22 187 134 181 71 23 64 68 154 202 75 173 123 119 171 133 220 40 
175 
147 
8 158 62 
120 
170 169 
66 
219 146 
168 46 
190 
204 156 
88 
36 
152 
35 
52 
17 
208 
124 
57 
50 
107 
222 225 
38 
81 
43 
174 
