149 199 13 185 63 57 228 14 30 165 48 155 29 146 118 51 52 87 125 126 85 94 161 106 209 83 213 55 78 72 166 221 4 61 206 89 135 138 70 136 127 34 115 37 121 232 129 219 11 18 195 193 110 140 197 176 79 177 58 60 25 102 65 23 21 86 203 179 31 80 24 93 184 73 50 201 191 69 41 96 39 26 231 53 2 
158 154 194 189 75 153 46 168 8 40 22 71 133 226 15 
196 111 
150 192 145 163 152 20 159 151 97 100 98 116 178 95 122 211 157 214 190 188 117 218 217 6 81 113 167 114 62 5 182 162 0 164 215 200 180 99 47 186 207 216 27 
170 169 112 
220 181 173 68 134 148 1 
19 
109 
130 108 42 107 160 16 38 3 128 104 124 101 
7 
77 103 
44 187 183 119 123 212 9 202 205 
174 
92 91 224 
132 
28 
225 222 
17 
156 204 
131 
144 143 
64 
227 
147 
230 
198 
90 
142 105 229 
59 
35 
67 
43 
76 
36 45 
208 
139 137 
56 10 
175 
120 
33 
88 
66 
49 
223 
171 
