45 167 26 80 53 48 145 149 65 56 164 33 51 15 225 170 169 112 59 132 194 18 159 151 228 166 209 104 73 94 3 21 143 91 93 30 189 139 103 27 224 218 121 98 89 28 140 136 118 87 138 198 160 108 10 29 78 142 63 115 99 127 90 106 129 111 0 117 95 153 7 128 72 201 86 34 116 163 217 186 195 102 77 113 6 230 130 85 196 200 199 39 20 221 126 37 67 135 125 122 101 179 176 44 60 223 161 2 49 178 109 157 162 182 25 11 183 197 144 212 55 47 227 203 184 114 193 131 58 100 97 79 231 69 31 185 232 150 13 41 137 76 61 148 83 16 105 208 207 177 165 96 214 216 70 211 215 5 180 188 42 229 24 14 206 191 192 4 155 
17 
107 
52 
147 
204 156 
226 64 9 187 119 92 22 205 23 123 133 75 171 154 19 71 181 202 173 40 134 68 1 
219 146 
88 
46 168 
57 
66 
190 
213 
110 
120 
62 8 158 
174 
35 
81 
36 
175 
38 
50 
222 
220 
152 
124 
43 
