106 46 168 194 183 187 9 205 120 220 229 60 231 93 227 182 85 72 98 6 56 16 69 219 218 130 146 105 137 78 169 198 221 163 83 87 184 128 100 153 211 86 193 35 171 122 145 112 155 216 79 139 0 181 41 39 127 115 53 48 185 5 95 27 77 113 170 209 132 142 123 65 116 80 179 118 197 110 96 162 26 63 73 117 158 214 191 232 50 147 91 215 68 61 192 213 167 29 33 166 206 111 97 59 55 31 228 157 76 144 34 103 104 28 99 94 207 204 200 161 201 13 178 4 165 217 24 119 195 30 164 159 20 1 134 203 89 196 176 15 51 138 114 121 136 37 140 160 129 230 126 92 25 10 58 156 224 52 67 101 18 
125 17 81 135 14 38 47 152 44 11 108 212 49 2 57 42 3 109 
174 
151 190 
8 
124 
90 75 22 23 70 133 40 71 66 154 64 
131 
88 
222 225 
180 188 186 175 
143 
173 36 45 
177 
208 
149 
150 
107 
223 
21 
7 
199 
62 
19 
189 
43 
102 
202 
148 
226 
