120 155 199 59 28 148 145 106 9 205 51 47 158 45 30 26 48 161 63 166 209 183 103 14 53 149 18 193 25 102 185 76 0 24 119 206 208 61 81 146 87 29 191 201 113 91 114 73 56 93 128 232 150 192 214 221 49 95 215 127 34 165 144 136 80 4 195 160 130 79 170 50 122 125 198 129 86 203 186 78 105 196 138 55 135 142 163 31 216 37 20 137 13 110 126 188 218 153 217 140 39 211 5 10 6 35 116 115 117 101 112 67 16 99 139 207 100 131 162 58 118 223 104 228 41 96 213 178 89 62 169 94 21 197 231 176 33 164 60 179 229 83 224 187 65 184 72 182 11 98 132 212 219 97 27 157 194 200 92 189 159 2 69 111 85 121 167 171 
107 64 154 3 38 23 108 71 133 75 42 227 124 40 22 17 
175 143 
44 152 180 173 68 190 134 15 226 1 8 230 181 220 151 
177 
204 156 
225 222 
57 109 
7 
52 
43 
77 70 90 
123 202 
46 168 
147 
66 
88 
174 
19 
36 
