199 52 149 87 184 182 24 191 179 192 145 163 232 159 25 185 176 105 69 65 2 55 178 197 195 89 27 6 51 206 13 41 21 211 34 5 100 39 113 95 61 203 157 114 117 193 92 97 180 18 31 102 116 217 0 216 96 72 214 188 78 56 207 94 213 218 20 229 120 201 85 98 91 50 93 83 33 99 162 70 200 164 215 62 231 60 167 58 198 73 79 
222 166 225 209 126 17 135 127 121 129 138 140 136 128 152 134 227 118 30 80 146 86 196 53 109 165 63 142 81 68 223 26 219 221 148 161 177 104 47 48 1 181 15 130 122 3 226 125 4 36 160 37 
57 40 153 71 189 23 139 46 66 42 22 38 158 115 194 137 168 224 75 108 186 
154 
205 9 202 123 187 119 
150 
212 44 183 14 
220 190 106 11 147 151 16 
112 59 169 170 
88 
77 
28 
19 
143 
67 
175 
90 
101 
208 
124 
10 
132 
111 
49 
173 
103 230 
131 
133 
64 
171 
76 
35 
45 
204 156 
174 
228 29 144 
155 
8 
107 
43 
7 
110 
