52 199 120 53 165 161 48 232 192 145 167 148 185 55 83 69 78 27 81 157 94 18 20 193 215 93 149 60 217 116 100 89 90 113 195 102 6 61 72 162 73 70 225 114 99 34 86 164 96 163 95 184 117 0 50 91 21 51 13 41 211 231 79 39 200 97 2 178 7 47 98 80 10 216 25 182 87 197 207 198 105 176 159 58 214 85 218 
115 153 189 92 181 59 222 22 75 40 134 15 190 121 224 186 107 136 16 226 37 142 63 128 129 104 151 140 221 126 23 139 125 127 180 122 109 223 138 160 188 166 71 1 155 209 3 11 106 
173 
213 212 14 183 44 49 
171 
88 
158 8 
152 68 
30 45 26 36 
227 108 
46 194 168 137 
19 
130 204 228 203 156 177 144 179 191 4 206 201 31 146 29 219 24 118 
103 230 
202 123 9 119 205 187 
150 
132 
67 
220 
143 
131 
174 
17 
208 
65 56 
64 
57 
147 
110 
154 
76 
229 
124 
133 
33 
196 111 
170 169 112 
77 
175 
101 
38 42 
66 
35 
5 62 
28 
43 
135 
