125 199 26 139 177 29 31 203 201 191 147 24 179 164 224 81 118 170 169 223 181 188 4 1 15 68 144 131 25 115 126 91 114 106 42 193 95 195 49 162 207 50 157 13 20 209 98 96 104 33 227 136 34 182 5 11 117 212 145 53 35 183 27 89 163 72 100 116 67 129 108 60 200 61 171 161 151 94 30 10 160 176 112 86 194 7 101 47 2 90 208 113 132 28 92 180 103 59 231 85 73 111 192 99 6 127 102 39 63 184 0 41 185 142 70 138 55 206 65 148 48 83 105 167 178 130 230 135 56 229 18 78 14 79 69 221 110 214 232 58 197 217 93 218 109 128 198 211 216 44 97 215 37 196 155 122 166 140 121 87 159 213 80 152 220 165 
77 52 51 123 9 187 205 119 202 19 
219 146 
228 76 
3 17 64 154 71 133 226 40 66 46 23 137 22 168 75 
143 
124 
107 
204 156 
134 173 45 36 
57 
16 186 175 
189 8 153 
149 
225 222 
174 
150 
62 158 
88 
21 
120 
43 
190 
38 
